export const pattern_A2 = [
 [],
 [-1,-1,1,1,1,1,1,1,-1,-1],
 [-1,-1,1,1,1,1,1,1,1,-1],
 [-1,-1,-1,-1,-1,-1,1,1,1,-1],
 [-1,-1,-1,-1,-1,-1,1,1,1,-1],
 [-1,-1,-1,-1,-1,-1,1,1,1,-1],
 [-1,-1,-1,-1,-1,-1,1,1,1,-1],
 [-1,-1,-1,-1,-1,-1,1,1,1,-1],
 [-1,-1,1,1,1,1,1,1,-1,-1],
 [-1,-1,1,1,1,1,1,1,-1,-1],
 [-1,-1,-1,-1,-1,-1,1,1,1,-1],
 [-1,-1,-1,-1,-1,-1,1,1,1,-1],
 [-1,-1,-1,-1,-1,-1,1,1,1,-1],
 [-1,-1,-1,-1,-1,-1,1,1,1,-1],
 [-1,-1,-1,-1,-1,-1,1,1,1,-1],
 [-1,-1,1,1,1,1,1,1,1,-1],
 [-1,-1,1,1,1,1,1,1,-1,-1],
 []
];],
 [